4294967294,0
4294967279,17
4294967279,13
4294967279,437
4294967278,429
4294967279,235
4294967294,6
4294967294,30
4294967294,1237
4294967294,1236
4294967294,1234
4294967294,1233
4294967294,1228
4294967294,1217
4294967294,1062
4294967294,1060
4294967294,1059
4294967294,1058
4294967294,1057
4294967294,60
4294967294,93
4294967294,95
4294967294,50
4294967294,43
4294967294,417
4294967294,52
4294967294,12
4294967294,1425
4294967294,27
4294967294,92
4294967294,88
4294967294,81
4294967294,1166
4294967294,1163
4294967294,83
4294967294,11
4294967294,68
4294967293,131
4294967293,130
4294967293,129
4294967293,128
4294967293,127
4294967293,126
4294967293,125
4294967293,124
4294967293,123
4294967293,122
4294967293,121
4294967293,120
4294967293,119
4294967293,118
4294967293,117
4294967293,116
4294967293,115
4294967293,114
4294967293,113
4294967293,112
4294967293,111
4294967293,110
4294967293,109
4294967293,108
4294967293,107
4294967293,106
4294967293,105
4294967293,104
4294967293,103
4294967293,102
4294967293,101
4294967293,100
4294967293,99
4294967293,98
4294967293,97
4294967293,96
4294967293,95
4294967293,94
4294967293,93
4294967293,92
4294967293,91
4294967293,90
4294967293,89
4294967293,87
4294967293,86
4294967293,85
4294967293,84
4294967293,83
4294967293,82
4294967293,81
4294967293,80
4294967293,79
4294967293,78
4294967293,77
4294967293,76
4294967293,75
4294967293,74
4294967293,73
4294967293,72
4294967293,71
4294967293,70
4294967293,69
4294967293,68
4294967293,67
4294967293,66
4294967293,65
4294967293,64
4294967293,63
4294967293,62
4294967293,61
4294967293,60
4294967293,59
4294967293,58
4294967293,57
4294967293,56
4294967293,55
4294967293,54
4294967293,53
4294967293,52
4294967293,51
4294967293,50
4294967293,49
4294967293,48
4294967293,47
4294967293,46
4294967293,45
4294967293,44
4294967293,43
4294967293,42
4294967293,41
4294967293,40
4294967293,39
4294967293,38
4294967293,37
4294967293,36
4294967293,35
4294967293,34
4294967293,33
4294967293,32
4294967293,31
4294967293,30
4294967293,29
4294967293,28
4294967293,27
4294967293,26
4294967293,25
4294967293,24
4294967293,23
4294967293,22
4294967293,21
4294967293,20
4294967293,19
4294967293,18
4294967293,17
4294967293,16
4294967293,15
4294967293,14
4294967293,13
4294967293,12
4294967293,11
4294967293,10
4294967293,9
4294967293,8
4294967293,7
4294967293,6
4294967293,5
4294967293,4
4294967293,3
4294967278,132
4294967278,131
4294967278,130
4294967278,129
4294967278,128
4294967278,127
4294967278,126
4294967278,125
4294967278,124
4294967278,123
4294967278,122
4294967278,121
4294967278,120
4294967278,119
4294967278,118
4294967278,117
4294967278,115
4294967278,114
4294967278,113
4294967278,112
4294967278,110
4294967278,109
4294967278,108
4294967278,107
4294967278,106
4294967278,105
4294967278,104
4294967278,103
4294967278,102
4294967278,101
4294967278,100
4294967278,99
4294967278,98
4294967278,97
4294967278,96
4294967278,95
4294967278,93
4294967278,92
4294967278,91
4294967278,90
4294967278,89
4294967278,87
4294967278,86
4294967278,85
4294967278,84
4294967278,83
4294967278,82
4294967278,81
4294967278,80
4294967278,79
4294967278,78
4294967278,77
4294967278,76
4294967278,75
4294967278,74
4294967278,72
4294967278,71
4294967278,69
4294967278,68
4294967278,67
4294967278,66
4294967278,64
4294967278,63
4294967278,347
4294967279,124
4294967279,122
4294967279,118
4294967279,117
4294967279,116
4294967279,115
4294967279,114
4294967279,112
4294967279,109
4294967279,107
4294967279,103
4294967279,97
4294967279,92
4294967279,91
4294967279,89
4294967279,87
4294967279,86
4294967279,79
4294967279,76
4294967279,74
4294967279,61
4294967279,34
4294967279,21
4294967279,15
4294967279,11
4294967279,8
4294967279,7
4294967279,5
4294967278,271
4294967279,269
4294967279,259
4294967278,116
4294967279,126
4294967279,467
4294967279,245
4294967279,123
4294967278,310
4294967279,250
4294967279,121
4294967278,308
4294967279,119
382,5
382,4
382,3
382,2
382,1
4294967278,238
4294967278,111
4294967279,101
4294967279,243
4294967279,111
4294967278,409
4294967279,422
4294967279,110
4294967278,307
4294967294,1080
4294967279,108
4294967279,106
4294967278,221
4294967279,104
380,6
380,5
380,4
380,3
380,2
380,1
4294967279,100
4294967279,99
4294967279,98
4294967279,387
4294967279,210
4294967279,96
4294967278,207
4294967278,94
4294967278,350
4294967278,424
4294967279,241
4294967279,94
4294967278,306
4294967279,205
4294967279,454
4294967279,202
4294967278,200
4294967279,201
4294967278,199
4294967279,84
4294967278,73
4294967278,195
4294967279,82
4294967278,0
4294967294,1087
377,6
377,5
377,4
377,3
377,2
377,1
4294967279,311
4294967278,70
4294967294,415
4294967294,391
4294967294,465
4294967294,110
4294967294,175
4294967294,467
4294967279,69
4294967279,430
4294967279,65
4294967278,171
4294967279,47
4294967278,304
4294967279,300
4294967278,166
4294967278,165
374,6
374,5
4294967278,160
374,4
374,3
374,2
374,1
4294967279,439
4294967278,149
4294967278,301
4294967279,494
4294967278,335
4294967279,30
4294967278,334
4294967294,162
4294967279,139
4294967279,24
371,6
371,5
371,4
371,3
371,2
371,1
4294967279,19
4294967279,18
4294967279,270
4294967279,468
4294967279,223
4294967279,6
4294967279,284
4294967278,257
4294967279,4
4294967279,431
4294967278,255
4294967279,485
368,6
368,5
368,4
368,3
368,2
368,1
4294967279,239
4294967294,508
4294967279,496
4294967278,241
4294967278,227
4294967278,226
4294967279,226
4294967278,224
4294967294,439
4294967279,224
365,4
365,3
365,2
365,1
364,4
364,3
364,2
364,1
4294967279,280
4294967294,507
4294967278,399
363,6
363,5
363,4
4294967278,205
363,3
363,2
363,1
4294967279,418
4294967279,206
4294967294,421
4294967294,406
4294967294,398
4294967294,410
4294967294,118
4294967294,450
4294967294,408
4294967294,1423
4294967294,1424
4294967279,204
4294967279,203
362,5
362,4
362,3
362,2
362,1
4294967294,1152
4294967294,1077
4294967294,1157
4294967294,1070
4294967294,506
4294967279,194
361,5
361,4
361,3
361,2
361,1
360,5
360,4
4294967278,182
360,3
360,2
360,1
4294967278,65
4294967294,505
4294967279,67
4294967279,309
4294967279,180
4294967279,64
358,4
358,3
358,2
358,1
4294967279,55
4294967279,413
4294967278,363
4294967279,429
4294967279,301
4294967294,403
4294967294,168
4294967294,425
4294967294,454
4294967294,414
4294967279,469
4294967279,277
4294967279,458
4294967279,155
4294967278,153
4294967278,152
4294967278,360
4294967278,422
4294967278,174
4294967278,431
4294967278,295
4294967278,293
4294967278,430
4294967278,436
4294967278,435
4294967278,434
4294967279,125
4294967279,120
4294967279,476
4294967279,221
4294967279,105
4294967279,90
4294967279,491
4294967279,44
4294967279,495
4294967279,41
4294967279,37
4294967279,29
4294967279,26
4294967278,375
4294967278,145
4294967279,140
4294967278,138
4294967279,279
4294967278,133
4294967278,300
4294967278,273
4294967279,274
4294967279,219
4294967278,268
4294967278,433
4294967279,287
357,5
357,4
